178 394
175 438
176 481
180 527
191 571
214 612
244 648
278 679
326 691
380 686
433 662
481 631
520 592
541 545
551 493
556 445
557 395
192 361
204 336
232 323
264 323
294 332
361 332
400 322
438 322
475 335
500 361
328 376
325 413
322 451
319 491
284 500
302 511
324 521
348 511
372 502
226 385
244 374
266 373
289 386
266 389
244 390
386 388
409 374
433 374
455 386
433 391
410 391
256 551
281 546
307 545
330 548
353 544
386 544
424 550
390 577
356 588
331 589
307 587
281 576
268 553
306 559
330 560
353 557
413 552
355 568
331 570
307 566
617 432
353 811
0 816
719 706
0 0
0 480
0 959
360 959
719 959
719 480
719 0
360 0
360 0
